1
-0.0611842
-0.0327098
 -0.150361
0.99761672 0.05655793 -0.03952318
-0.04796155 0.98020816 0.19207200
0.04960414 -0.18971865 0.98058465
0.05450296
2
-0.0611842
-0.0327098
 -0.150361
0.99761672 0.05655793 -0.03952318
-0.04796155 0.98020816 0.19207200
0.04960414 -0.18971865 0.98058465
0.05450296
3
-0.0611842
-0.0327098
 -0.150361
0.99761672 0.05655793 -0.03952318
-0.04796155 0.98020816 0.19207200
0.04960414 -0.18971865 0.98058465
0.05450296
4
-0.0611842
-0.0327098
 -0.150361
0.99761672 0.05655793 -0.03952318
-0.04796155 0.98020816 0.19207200
0.04960414 -0.18971865 0.98058465
0.05450296
5
-0.0611842
-0.0327098
 -0.150361
0.99761672 0.05655793 -0.03952318
-0.04796155 0.98020816 0.19207200
0.04960414 -0.18971865 0.98058465
0.05450296
6
-0.0611842
-0.0327098
 -0.150361
0.99761672 0.05655793 -0.03952318
-0.04796155 0.98020816 0.19207200
0.04960414 -0.18971865 0.98058465
0.05450296
7
-0.0611842
-0.0327098
 -0.150361
0.99761672 0.05655793 -0.03952318
-0.04796155 0.98020816 0.19207200
0.04960414 -0.18971865 0.98058465
0.05450296
8
-0.0611842
-0.0327098
 -0.150361
0.99761672 0.05655793 -0.03952318
-0.04796155 0.98020816 0.19207200
0.04960414 -0.18971865 0.98058465
0.05450296
9
-0.0611842
-0.0327098
 -0.150361
0.99761672 0.05655793 -0.03952318
-0.04796155 0.98020816 0.19207200
0.04960414 -0.18971865 0.98058465
0.05450296
10
-0.0611842
-0.0327098
 -0.150361
0.99761672 0.05655793 -0.03952318
-0.04796155 0.98020816 0.19207200
0.04960414 -0.18971865 0.98058465
0.05450296
11
-0.0611842
-0.0327098
 -0.150361
0.99761672 0.05655793 -0.03952318
-0.04796155 0.98020816 0.19207200
0.04960414 -0.18971865 0.98058465
0.05450296
12
-0.0611842
-0.0327098
 -0.150361
0.99761672 0.05655793 -0.03952318
-0.04796155 0.98020816 0.19207200
0.04960414 -0.18971865 0.98058465
0.05450296
13
-0.0611842
-0.0327098
 -0.150361
0.99761672 0.05655793 -0.03952318
-0.04796155 0.98020816 0.19207200
0.04960414 -0.18971865 0.98058465
0.05450296
